
Use the following app settings to achieve the results shown in the Example Output images.

2D No Rotation
{
  "AlgorithmSettings": {
    "NumbersToExclude": "",
    "NumbersToUse": "1064, 13148, 11603, 4699, 10689, 12948, 10535, 28, 7197, 11384, 18209, 15263, 16381, 9441, 18698, 10743, 9148, 15530, 12630, 7360, 1912, 9285, 13263, 8070, 13113, 3303, 15211, 16325, 12329, 17035, 7978, 8411, 15227, 19888, 19959, 10847, 4240, 2897, 8326, 6236, 11823, 126, 1211, 18595, 2051, 19666, 14004, 3726, 588, 16112, 11738, 19418, 13071, 16259, 7150, 15108, 12742, 9016, 13210, 1236, 13943, 7261, 13626, 12790, 9306, 11956, 9842, 17064, 6715, 3823, 3156, 11674, 12489, 6287, 9227, 16111, 8060, 17907, 13558, 13128, 15367, 12321, 8359, 18598, 3138, 11309, 9300, 784, 2679, 11941, 5836, 19634, 8826, 11681, 16522, 15716, 17927, 10424, 4298, 10077, 16453, 15488, 2880, 6890, 19523, 14457, 11042, 19725, 10024, 12699, 12024, 13241, 17957, 10295, 7520, 10175, 11869, 264, 15434, 10507, 14378, 11824, 2886, 13902, 19592, 18750, 8336, 6924, 6785, 1970, 17950, 7244, 10256, 6717, 12673, 4721, 12706, 1209, 7591, 16904, 15345, 9599, 8439, 5471, 15205, 9950, 19068, 2618, 5714, 10565, 19406, 17396, 14006, 2710, 263, 10441, 12105, 18749, 9163, 1300, 13808, 17123, 4228, 12036, 4379, 19990, 15089, 5173, 5898, 18433, 18875, 17846, 17282, 13351, 3300, 2226, 17013, 12971, 1650, 6663, 12660, 3951, 9879, 3608, 4612, 18681, 14762, 12512, 11636, 19998, 4030, 3406, 17399, 5148, 13171, 18573, 5871, 9562, 12710, 3304, 3988, 19625, 7030, 10830, 14351, 17766, 19563, 4036, 2907, 11445, 17888, 13622, 12245, 18527, 10790, 44, 16432, 16874, 14162, 3307, 500, 12528, 19996, 18241, 2144, 2689, 4733, 3224, 13199, 8727, 8750, 6805, 404, 362, 17132, 5368, 10476, 14016, 5561, 2754, 409, 9952, 876, 129, 2693, 8046, 4571, 17031, 15121, 16513, 8965, 372, 1188, 13470, 16434, 19301, 17812, 2227, 7885, 16531, 10795, 19066, 8891, 14104, 4930, 9073, 1194, 15837, 9094, 10501, 2621, 16048, 9962, 11072, 11372, 12491, 4849, 2865, 8157, 16550, 6107, 14880, 1628, 13699, 5659, 12587, 1396, 3361, 3993, 7459, 5346, 2123, 16580, 16737, 4889, 15676, 9414, 5869, 17551, 8239, 19931, 18065, 15635, 8629, 7032, 10395, 15139, 16123, 15931, 12519, 12451, 15541, 9593, 19857, 17152, 16423, 2591, 14139, 6645, 19654, 7920, 10260, 18532, 6420, 2402, 15265, 10973, 17417, 11489, 5586, 14782, 3968, 2568, 19209, 4624, 17692, 19610, 8274, 15959, 18098, 9309, 4352, 4310, 9175, 5003, 2475, 2833, 13545, 3509, 430, 11847, 8729, 15891, 16890, 11545, 5617, 19813, 9520, 371, 9902, 18451, 6974, 14973, 11271, 19543, 1115, 4987, 6920, 17792, 995, 16296, 3565, 1484, 13232, 1045, 15455, 1339, 8735, 2906, 5319, 5014, 2911, 8028, 16855, 6312, 19198, 16542, 13289, 13660, 17815, 8287, 16288, 3426, 7835, 3714, 6450, 19317, 9030, 11557, 15814, 2694, 3976, 7237, 17028, 16206, 18367, 14101, 1413, 8929, 12480, 13327, 19312, 8679, 9018, 17517, 8662, 12380, 15710, 3760, 7288, 933, 11126, 7123, 6319, 2292, 1378, 13635, 12792, 6322, 19659, 15402, 3605, 19963, 2101, 18342, 3704, 19775, 6975, 19370, 14230, 11183, 15934, 8080, 6842, 18533, 7800, 4294, 534, 12600, 13613, 16683, 5520, 11054, 19485, 19293, 6440, 19689, 2816, 15489, 10846, 2820, 19286, 8458, 19579, 12081, 5523, 19449, 19061, 12779, 11666, 17122, 7247, 8548, 16232, 12060, 3399, 12214, 2146, 5516, 9658, 15443, 3997, 17757, 5909, 3164, 5867, 15311, 19578, 17528, 18237, 11707, 3743, 9246, 7567, 8091, 15221, 731, 14001, 4021, 14185",
    "RandomNumberMax": 4000,
    "RandomNumberTotal": 350,
    "UseShortcutAlgorithm": false
  },
  "NodeAestheticSettings": {
    "ColorCodeNumberSeries": true,
    "DrawNodeConnections": false,
    "DrawNumbersOnNodes": false,
    "NodeColors": "",
    "NodeColorsBias": "",
    "NodeRadius": 50,
    "NodeRotationAngle": 0,
    "NodeShapes": "",
    "NodeSpacerX": 125,
    "NodeSpacerY": 125
  },
  "DirectedGraphAestheticSettings": {
    "CanvasColor": "",
    "GenerateBackgroundStars": false,
    "GraphType": "Standard2D",
    "LightSourceColor": "",
    "LightSourcePosition": "None",
    "Pseudo3DViewerDistance": 200,
    "SpiralAngle": 20,
    "RadialLayerSpacing": 40
  },
  "OutputFileType": "Png",
  "OutputFileQuality": 100,
  "OutputPath": ""
}

2D With Rotation
{
  "AlgorithmSettings": {
    "NumbersToExclude": "",
    "NumbersToUse": "1064, 13148, 11603, 4699, 10689, 12948, 10535, 28, 7197, 11384, 18209, 15263, 16381, 9441, 18698, 10743, 9148, 15530, 12630, 7360, 1912, 9285, 13263, 8070, 13113, 3303, 15211, 16325, 12329, 17035, 7978, 8411, 15227, 19888, 19959, 10847, 4240, 2897, 8326, 6236, 11823, 126, 1211, 18595, 2051, 19666, 14004, 3726, 588, 16112, 11738, 19418, 13071, 16259, 7150, 15108, 12742, 9016, 13210, 1236, 13943, 7261, 13626, 12790, 9306, 11956, 9842, 17064, 6715, 3823, 3156, 11674, 12489, 6287, 9227, 16111, 8060, 17907, 13558, 13128, 15367, 12321, 8359, 18598, 3138, 11309, 9300, 784, 2679, 11941, 5836, 19634, 8826, 11681, 16522, 15716, 17927, 10424, 4298, 10077, 16453, 15488, 2880, 6890, 19523, 14457, 11042, 19725, 10024, 12699, 12024, 13241, 17957, 10295, 7520, 10175, 11869, 264, 15434, 10507, 14378, 11824, 2886, 13902, 19592, 18750, 8336, 6924, 6785, 1970, 17950, 7244, 10256, 6717, 12673, 4721, 12706, 1209, 7591, 16904, 15345, 9599, 8439, 5471, 15205, 9950, 19068, 2618, 5714, 10565, 19406, 17396, 14006, 2710, 263, 10441, 12105, 18749, 9163, 1300, 13808, 17123, 4228, 12036, 4379, 19990, 15089, 5173, 5898, 18433, 18875, 17846, 17282, 13351, 3300, 2226, 17013, 12971, 1650, 6663, 12660, 3951, 9879, 3608, 4612, 18681, 14762, 12512, 11636, 19998, 4030, 3406, 17399, 5148, 13171, 18573, 5871, 9562, 12710, 3304, 3988, 19625, 7030, 10830, 14351, 17766, 19563, 4036, 2907, 11445, 17888, 13622, 12245, 18527, 10790, 44, 16432, 16874, 14162, 3307, 500, 12528, 19996, 18241, 2144, 2689, 4733, 3224, 13199, 8727, 8750, 6805, 404, 362, 17132, 5368, 10476, 14016, 5561, 2754, 409, 9952, 876, 129, 2693, 8046, 4571, 17031, 15121, 16513, 8965, 372, 1188, 13470, 16434, 19301, 17812, 2227, 7885, 16531, 10795, 19066, 8891, 14104, 4930, 9073, 1194, 15837, 9094, 10501, 2621, 16048, 9962, 11072, 11372, 12491, 4849, 2865, 8157, 16550, 6107, 14880, 1628, 13699, 5659, 12587, 1396, 3361, 3993, 7459, 5346, 2123, 16580, 16737, 4889, 15676, 9414, 5869, 17551, 8239, 19931, 18065, 15635, 8629, 7032, 10395, 15139, 16123, 15931, 12519, 12451, 15541, 9593, 19857, 17152, 16423, 2591, 14139, 6645, 19654, 7920, 10260, 18532, 6420, 2402, 15265, 10973, 17417, 11489, 5586, 14782, 3968, 2568, 19209, 4624, 17692, 19610, 8274, 15959, 18098, 9309, 4352, 4310, 9175, 5003, 2475, 2833, 13545, 3509, 430, 11847, 8729, 15891, 16890, 11545, 5617, 19813, 9520, 371, 9902, 18451, 6974, 14973, 11271, 19543, 1115, 4987, 6920, 17792, 995, 16296, 3565, 1484, 13232, 1045, 15455, 1339, 8735, 2906, 5319, 5014, 2911, 8028, 16855, 6312, 19198, 16542, 13289, 13660, 17815, 8287, 16288, 3426, 7835, 3714, 6450, 19317, 9030, 11557, 15814, 2694, 3976, 7237, 17028, 16206, 18367, 14101, 1413, 8929, 12480, 13327, 19312, 8679, 9018, 17517, 8662, 12380, 15710, 3760, 7288, 933, 11126, 7123, 6319, 2292, 1378, 13635, 12792, 6322, 19659, 15402, 3605, 19963, 2101, 18342, 3704, 19775, 6975, 19370, 14230, 11183, 15934, 8080, 6842, 18533, 7800, 4294, 534, 12600, 13613, 16683, 5520, 11054, 19485, 19293, 6440, 19689, 2816, 15489, 10846, 2820, 19286, 8458, 19579, 12081, 5523, 19449, 19061, 12779, 11666, 17122, 7247, 8548, 16232, 12060, 3399, 12214, 2146, 5516, 9658, 15443, 3997, 17757, 5909, 3164, 5867, 15311, 19578, 17528, 18237, 11707, 3743, 9246, 7567, 8091, 15221, 731, 14001, 4021, 14185",
    "RandomNumberMax": 4000,
    "RandomNumberTotal": 350,
    "UseShortcutAlgorithm": false
  },
  "NodeAestheticSettings": {
    "ColorCodeNumberSeries": true,
    "DrawNodeConnections": false,
    "DrawNumbersOnNodes": false,
    "NodeColors": "",
    "NodeColorsBias": "",
    "NodeRadius": 50,
    "NodeRotationAngle": 0.8,
    "NodeShapes": "",
    "NodeSpacerX": 125,
    "NodeSpacerY": 125
  },
  "DirectedGraphAestheticSettings": {
    "CanvasColor": "",
    "GenerateBackgroundStars": false,
    "GraphType": "Standard2D",
    "LightSourceColor": "",
    "LightSourcePosition": "None",
    "Pseudo3DViewerDistance": 200,
    "SpiralAngle": 20,
    "RadialLayerSpacing": 40
  },
  "OutputFileType": "Png",
  "OutputFileQuality": 100,
  "OutputPath": ""
}

3D No Rotation
{
  "AlgorithmSettings": {
    "NumbersToExclude": "",
    "NumbersToUse": "2414, 763, 1445, 573, 2086, 1396, 2877, 282, 915, 10, 173, 1910, 416, 1098, 263, 1634, 1912, 1911, 1537, 756, 727, 524, 1361, 2136, 448, 661, 82, 604, 430, 11, 1305, 1304, 1730, 120, 994, 2522, 81, 451, 2850, 2380, 1070, 2234, 1563, 898, 1062, 2696, 1532, 1040, 947, 2906, 1568, 2020, 1135, 5, 1703, 347, 1820, 2298, 1013, 728, 1538, 928, 1790, 859, 725, 1547, 2517, 779, 2571, 1575, 1127, 1901, 2043, 1596, 1055, 602, 422, 193, 1934, 236, 325, 849, 2246, 2734, 1818, 2554, 1991, 2274, 662, 386, 1228, 2551, 1206, 1159, 611, 765, 1846, 342, 2493, 2499, 166, 1223, 29, 2919, 965, 2160, 427, 1724, 2310, 1509, 1270, 341, 1466, 1710, 2416, 1520, 540, 2771, 1308, 96, 1752, 704, 134, 431, 490, 195, 2894, 2506, 1420, 2994, 1625, 511, 2911, 1478, 262, 1586, 558, 1620, 355, 1341, 506, 136, 2985, 1873, 318, 105, 1246, 1204, 1470, 1729, 517, 2256, 466, 1102, 561, 1827, 1837, 2352, 2556, 2129, 2627, 383, 2707, 820, 2157, 1003, 2577, 882, 2727, 137, 2505, 924, 421, 1986, 1512, 1920, 2275, 328, 1803, 1554, 991, 2521, 2350, 740, 1090, 600, 1988, 811, 2902, 2760, 157, 1633, 1688, 2327, 1941, 1600, 1937, 2124, 2566, 2193, 2839, 631, 110, 2375, 2795, 389, 897, 491, 2449, 2027, 2968, 2208, 61, 804, 1389, 1743, 206, 2810, 2140, 237, 1442, 1446, 831, 2786, 258, 128, 2817, 659, 1014, 760, 411, 478, 1553, 333, 232, 2613, 1995, 785, 2708, 2306, 2757, 2999, 607, 2151, 2175, 2880, 2730, 1696, 713, 580, 413, 1231, 1685, 2998, 2034, 1284, 2016, 1084, 17, 2811, 535, 2410, 464, 2862, 1502, 644, 1775, 1181, 1481, 848, 1569, 712, 2453, 1404, 2510, 1615, 1433, 1626, 2145, 841, 1377, 1994, 1854, 1113, 798, 550, 2687, 2633, 1328, 1942, 963, 1830, 2370, 2788, 1472, 2920, 2913, 2098, 486, 1627, 2989, 22, 803, 887, 565, 1375, 1208, 1517, 2331, 2307, 2912, 1157, 2162, 2693, 1088, 184, 784, 369, 1286, 1303, 618, 619, 2325, 1078, 2636, 1149, 161, 365, 1201, 525, 469, 1543, 1142, 1050, 1819, 1826, 489, 2315, 889, 2057, 410, 719, 909, 397, 2158, 696, 405, 559, 1105, 1963",
    "RandomNumberMax": 4000,
    "RandomNumberTotal": 350,
    "UseShortcutAlgorithm": false
  },
  "NodeAestheticSettings": {
    "ColorCodeNumberSeries": true,
    "DrawNodeConnections": false,
    "DrawNumbersOnNodes": true,
    "NodeColors": "",
    "NodeColorsBias": "",
    "NodeRadius": 200,
    "NodeRotationAngle": 0,
    "NodeShapes": "",
    "NodeSpacerX": 350,
    "NodeSpacerY": 220
  },
  "DirectedGraphAestheticSettings": {
    "CanvasColor": "",
    "GenerateBackgroundStars": false,
    "GraphType": "StandardPseudo3D",
    "LightSourceColor": "",
    "LightSourcePosition": "None",
    "Pseudo3DViewerDistance": 200,
    "SpiralAngle": 20,
    "RadialLayerSpacing": 40
  },
  "OutputFileType": "Png",
  "OutputFileQuality": 100,
  "OutputPath": ""
}
